phi = 0.2029;
Ho2 = 94565;
Hco2 = 4003;
beta = 1/1820.89;
%dotOmega_O2 = -1.065*24;
%dotOmega_CO2 =  0.982*24;




